image: utown_momdp.png
resolution: 1.0
origin: [0.000000, 0.00000, 0.000000]
negate: 0
occupied_thresh: 0.30
free_thresh: 0.10

