image: utown_square_map_0.05.png 
resolution: 0.050000
origin: [0.000000, 0.00000, 0.000000]
negate: 0
occupied_thresh: 0.70
free_thresh: 0.10

