image: utown.pgm
resolution: 0.100000
origin: [-214.072708, -86.053665, 0.000000]
negate: 0
occupied_thresh: 0.65
free_thresh: 0.196

