%YAML:1.0
gp_ROI: [ 10, 10, 200, 200 ]
