image: bigeng_sde_map_0.1_cleaned_path.png
resolution: 0.100000
#origin: [-231.200000, -154.400000, 0.000000]
origin: [0.0, 0.0, 0.0]
negate: 0
occupied_thresh: 0.65
free_thresh: 0.196

